Y,2012,2013,2014,2015,2016
R,9632,10971,12715,14183,15735
NP,1021,1160,1263,1427,1726
P,383,405,515,677,1032
EBIT,1495,1692,1886,2139,2721
I,41,37,42,35,41
OCF,826,1187,1400,1188,2333
capital_ex,0,0,251,456,824
Debt,336,238,240,410,306
TA,0,0,8078,8912,10143
CL,0,0,3459,3517,3816
SF,0,0,4039,4742,5605
D,0,0,0,0,764
mi,294

S,95.92
cash,420
PY_S,3703,3633,3603,3535
CY_S,4082,3779,4103,3971
PY_P,432,0,368,341
CY_P,622,0,463,409
debt_q,306
SF_q,5606
CL_q,3816
TA_q,10143

growth,10,10,10,10,10,10,10,10