Y,2011,2012,2013,2014,2015
R,15730,20831,25581,32821,37841
NP,1647,2427,4045,6508,7302
EBIT,2295,3352,5376,8032,9208
I,160,143,106,115,91
OCF,1763,2553,4492,6457,5539
capital_ex,0,0,0,720,1208
Debt,1674,1526,925,406,523
P,219,250,306,521,832
TA,0,0,0,29980,35245
CL,0,0,0,9242,9945
SF,0,0,0,19542,24224
D,0,0,0,0,0

S,141
cash,729
mi,82
PY_S,10699,8735,10081,9267
CY_S,11336,9777,10341,10698
PY_P,2014,0,2075,1683
CY_P,2051,0,1966,1926
debt_q,973
SF_q,28022
CL_q,9508
TA_q,39767

beta,0
growth,0,0,0,0,0,0,0,0,0,0


