Y,2012,2013,2014,2015,2016
R,23436,27004,29233,31972,33591
NP,2800,3839,3956,4363,4082
NW,3681,2865,3537,4021,3755
P,347.5,436.5,532.5,734.5,897
EBIT,3510,4486,5017,5658,5952
I,2,26,41,18,5
OCF,2050,3530,3818,3124,4126
capital_ex,0,0,606,606,824
Debt,0,25,46,43,255
TA,0,0,13754,14430,15165
CL,0,0,8916,9205,9748
SF,0,0,3537,4021,3972
D,0,0,0,0,4015
mi,25

S,216.39
cash,2759
PY_S,7844,7639,7774,7676
CY_S,8128,7955,7981,7946
PY_P,1069,0,1252,1018
CY_P,1174,0,971,1090
debt_q,255
SF_q,3972
CL_q,9747
TA_q,14430

growth,8,8,8,8,8,8,8,8