Y,2012,2013,2014,2015,2016
R,26552,31628,35317,38835,40976
NP,6322,7694,8991,9766,9911
P,134,174,221,224,233
EBIT,9249,11193,13058,14430,15492
I,81,87,6,68,58
OCF,5977,7102,7344,9843,9878
capital_ex,0,0,2887,3300,2391
Debt,107,91,227,256,87
TA,0,0,40884,45991,51264
CL,0,0,11886,12160,14945
SF,0,0,27237,31735,33964
D,0,0,0,5688,6126

S,1207.08
cash,7013
mi,262
PY_S,0,8930,8943,9293
CY_S,0,8805,9177,10168
PY_P,0,0,2635,2361
CY_P,0,0,2653,2495
debt_q,256
SF_q,33964
CL_q,14945
TA_q,45991

growth,10,10,10,10,10,10,10,10