Y,2012,2013,2014,2015,2016
R,64313,74498,85128,92005,103815
NP,4682,5239,4855,4934,5091
P,993,878,1050,1501,1587
EBIT,8019,9318,10290,9720,11128
I,1102,2095,3141,2851,3041
OCF,-6341,-3760,-7143,-669,-3229
capital_ex,0,0,6967,6929,5264
Debt,41934,54688,80153,82267,90762
TA,0,0,169162,194184,227525
CL,0,0,67843,77707,89355
SF,0,0,37712,40909,43992
D,0,0,0,1603,1878

S,93.15
cash,5902
mi,6769
PY_S,0,18975,23848,28023
CY_S,0,20252,25829,33157
PY_P,0,0,867,2070
CY_P,0,0,1035,2454
debt_q,822687
SF_q,43992
CL_q,89355
TA_q,227525

growth,15,14,14,14,10,10,10,10