Y,2012,2013,2014,2015,2016
R,7083,9641,11287,12770,14396
NP,888,1340,1870,2444,2271
P,463,570,790,1480,1635
EBIT,1232,1966,2858,3425,3478
I,35,41,27,10,45
OCF,559,1251,2004,2733,-369
capital_ex,0,0,529,871,5816
Debt,1481,974,553,471,7119
TA,0,0,10206,13138,22438
CL,0,0,2630,3729,5387
SF,0,0,6932,8874,10984
D,0,0,0,157,406

S,45.06
cash,838
mi,32
PY_S,0,3173,3378,3078
CY_S,0,3321,3557,4181
PY_P,0,0,601,547
CY_P,0,0,530,807
debt_q,7119
SF_q,10984
CL_q,5387
TA_q,22438

growth,14,14,14,13,13,12,12,10