Y,2012,2013,2014,2015,2016
R,14908,25617,30721,35032,38716
NP,196,451,1097,1292,1274
P,57,70,127,251,350
EBIT,657,1084,1891,2300,2610
I,165,249,294,318,271
OCF,589,1486,2695,3390,2311
capital_ex,0,0,1412,1944,2245
Debt,4129,4071,3995,4910,5988
TA,0,0,15362,17571,20723
CL,0,0,8049,8474,9416
SF,0,0,2959,3324,4246
D,0,0,0,354,739
mi,1441

S,132.29
cash,1933
PY_S,9046,8017,9149,9474
CY_S,10450,9198,9860,10235
PY_P,303,0,254,340
CY_P,317,289,307,414
debt_q,5988
SF_q,4246
CL_q,9416
TA_q,20723

growth,15,15,12,12,12,12,12,12