Y,2011,2012,2013,2014,2015
R,7514,8335,9101,9855,8175
NP,962,1068,1117,1185,563
P,3880,4454,5065,5759,6110
EBIT,1393,1571,1721,1789,816
I,5,18,57,14,3
OCF,1188,1693,1796,1644,1089
capital_ex,0,0,345,189,151
Debt,971,1050,1189,20,18
TA,0,0,6314,5820,6080
CL,0,0,1347,1355,1476
SF,0,0,2369,2837,2818
D,0,0,0,713,493

S,9.64
cash,500
mi,0
PY_S,0,2570,2531,2516
CY_S,0,1742,1959,2302
PY_P,0,311,326,320
CY_P,0,124,183,259
debt_q,18
SF_q,2818
CL_q,1476
TA_q,6080

growth,10,10,10,10,10,10,10,10