Y,2012,2013,2014,2015,2016
R,4867,5590,5967,6797,8389
NP,1411,1458,1502,1580,1062
P,100,76,70,72,78
EBIT,2055,2078,2464,2194,2148
I,150,193,182,156,467
OCF,-27,1262,3737,1580,262
capital_ex,0,0,2043,2195,1572
Debt,5361,5892,6211,6011,7572
TA,0,0,24710,25752,29644
CL,0,0,3068,3076,3806
SF,0,0,13902,14869,15325
D,0,0,0,762,565

S,167.77
cash,3620
mi,640
PY_S,0,1402,1493,1682
CY_S,0,1716,1255,1854
PY_P,0,0,309,677
CY_P,0,0,47,446
debt_q,7572
SF_q,15325
CL_q,3806
TA_q,29644

growth,0,0,0,0,0,0,0,0