Y,2012,2013,2014,2015,2016
R,10312,13164,15675,17659,21781
NP,3303,4313,4548,5046,6015
EBIT,6688,8349,9613,10480,12731
I,1986,2599,3254,4081,5086
OCF,6403,11459,15222,15800,16900
capital_ex,0,0,1020,1206,542
Debt,51664,66057,80472,96512,103773
P,107,107,107,127,180
TA,0,0,141480,160764,181920
CL,0,0,20076,22790,26812
SF,0,0,34697,38439,42968
D,0,0,0,1327,1388

S,523.16
cash,3588
mi,0
PY_S,0,4179,4354,4703
CY_S,0,4918,5407,5760
PY_P,0,0,1229,1412
CY_P,0,0,1613,1599
debt_q,103779
SF_q,42968
CL_q,26812
TA_q,181920

growth,0,0,0,0,0,0,0,0