Y,2011,2012,2013,2014,2015
R,18090,21359,18914,20403,19954
NP,-1317,-473,-4732,-3548,-9133
P,58,35.5,20,12.65,19
EBIT,496,1286,-1885,-846,-440
I,1375,1655,1855,2070,2065
OCF,1214,839,556,568,1119
capital_ex,0,0,0,691,736
Debt,11353,10948,13692,15164,15362
TA,0,0,0,30315,21731
CL,0,0,0,17844,17158
SF,0,0,0,-544,-9122
D,0,0,0,0,0

S,502
cash,629
mi,3
PY_S,0,754,289,4926
CY_S,0,1160,1328,3272
PY_P,0,0,-4960,-1212
CY_P,0,0,110,-271
debt_q,11136
SF_q,-7083
CL_q,7381
TA_q,9967

beta,0
growth,0,0,0,0,0,0,0,0,0,0