Y,2012,2013,2014,2015,2016
R,165654,188818,232834,262796,276542
NP,13574,9862,14104,14060,11024
EBIT,17348,17790,24588,26749,20723
I,2982,3553,4734,4861,4623
OCF,21822,22293,36151,35183,39167
capital_ex,0,0,26925,31540,32682
Debt,38704,43722,54954,69211,63100
P,265,278,347,490,480
TA,0,0,219998,238658,269297
CL,0,0,92356,100272,110820
SF,0,0,65603,56262,80783
D,0,0,0,720,516

S,340
cash,32880
mi,888
PY_S,0,60641,70212,67778
CY_S,0,61318,72256,80684
PY_P,0,0,3581,1717
CY_P,0,0,3508,5177
debt_q,63100
SF_q,80783
CL_q,100272
TA_q,269298

growth,15,14,14,12,12,10,10,10