Y,2012,2013,2014,2015,2016
R,2625,3647,4495,5303,6071
NP,115,225,84,544,703
P,4,6,8,22,106
EBIT,330,449,339,1036,1274
I,144,198,235,283,236
OCF,417,369,551,924,1654
capital_ex,0,0,719,579,1060
Debt,1712,1917,2814,2598,2561
TA,0,0,5168,5695,6227
CL,0,0,2149,2465,2154
SF,0,0,1110,1432,1988
D,0,0,0,71,245

S,100.04
cash,124
mi,50
PY_S,1393,1413,1346,1366
CY_S,1593,1472,1490,1628
PY_P,183,0,144,174
CY_P,202,0,174,193
debt_q,2573
SF_q,2164
CL_q,2154
TA_q,6227

growth,12,12,12,12,12,10,10,10